-2 -2 -2 -2 -2 -2 -2 -2 -2 -2 -2 -2 -2 -2 -2 -2 -2 -2 -2 -2 -2 -2 -2 -2 -2 -2 -2 -2 -2 -2
-2 0 1 2 3 4 5 6 7 8 9 10 11 12 13 14 15 16 17 18 19 20 21 22 23 24 25 26 27 -2
-2 28 -1 30 31 32 33 34 35 36 37 38 39 40 41 42 43 44 45 46 47 48 49 50 51 52 -1 54 55 -2
-2 56 57 58 59 60 61 62 63 64 65 66 67 68 69 70 71 72 73 74 75 76 77 78 79 80 81 82 83 -2

-2 84 85 86 -2 -2 -2 -2 -2 -2 -2 -2 -2 -2 -2 -2 -2 -2 -2 -2 -2 -2 0 -2 -2 -2 109 110 111 -2
-2 112 113 114 -2 116 117 118 119 120 121 122 123 124 125 126 127 128 129 130 131 132 133 134 135 -2 137 138 139 -2
-2 140 141 142 -2 144 -2 -2 -2 -2 -2 -2 -2 -2 -2 -2 -2 -2 -2 -2 -2 -2 -2 -2 163 -2 165 166 167 -2
-2 168 169 170 -2 172 -2 174 175 176 177 178 179 180 181 182 183 184 185 186 187 188 189 -2 191 -2 193 194 195 -2
-2 196 197 198 -2 200 -2 202 -2 -2 -2 -2 -2 -2 -2 -2 0 -2 -2 -2 -2 -2 217 -2 219 -2 221 222 223 -2
-2 224 225 226 -2 228 -2 230 -2 232 233 234 235 236 237 238 239 240 241 242 243 -2 245 -2 247 -2 249 250 251 -2
-2 252 251 254 -2 256 -2 258 -2 260 261 262 263 264 265 266 267 268 269 270 271 -2 273 -2 275 -2 277 278 279 -2
-2 280 281 282 -2 284 -2 286 -2 -2 -2 -2 -2 -2 -2 -2 -2 -2 -2 -2 -2 -2 301 -2 303 -2 305 306 307 -2
-2 308 309 310 -2 312 -2 314 315 316 317 318 319 320 321 322 323 324 325 326 327 328 329 -2 331 -2 333 334 335 -2
-2 336 337 338 -2 340 -2 -2 -2 0 -2 -2 -2 -2 -2 -2 -2 -2 -2 -2 -2 -2 -2 -2 359 -2 361 362 363 -2
-2 364 365 366 -2 368 369 370 371 372 373 374 375 376 377 378 379 380 381 382 383 384 385 386 387 -2 389 390 391 -2
-2 392 393 394 -2 -2 -2 -2 -2 -2 -2 -2 -2 -2 -2 -2 -2 -2 -2 -2 -2 -2 -2 -2 -2 -2 417 418 419 -2


-2 420 421 422 423 424 425 426 427 428 429 430 431 432 433 434 435 436 437 438 439 440 441 442 443 444 445 446 447 -2
-2 448 -1 450 451 452 453 454 455 456 457 458 459 460 461 462 463 464 465 466 467 468 469 470 471 472 473 -1 475 -2
-2 476 477 478 479 480 481 482 483 484 485 486 487 488 489 490 491 492 493 494 495 496 497 498 499 500 501 502 503 -2
-2 -2 -2 -2 -2 -2 -2 -2 -2 -2 -2 -2 -2 -2 -2 -2 -2 -2 -2 -2 -2 -2 -2 -2 -2 -2 -2 -2 -2 -2